[
  50,
  225,
  925,
  4
],
[
  300,
  250,
  930,
  3
],
[
  575,
  50,
  933,
  1
],
[
  1462,
  350,
  935,
  4
],
[
  1900,
  125,
  940,
  2
],
[
  2112,
  225,
  943,
  5
],
[
  2375,
  213,
  948,
  1
],
[
  2612,
  225,
  950,
  3
],
[
  2900,
  125,
  954,
  2
],
[
  3037,
  188,
  957,
  3
],
[
  3325,
  175,
  961,
  2
],
[
  3525,
  63,
  963,
  1
],
[
  4425,
  238,
  965,
  3
],
[
  4700,
  213,
  969,
  3
],
[
  4962,
  163,
  973,
  4
],
[
  5175,
  150,
  978,
  3
],
[
  5350,
  288,
  982,
  3
],
[
  5662,
  25,
  985,
  1
],
[
  6537,
  213,
  1028,
  4
],
[
  6812,
  250,
  1033,
  5
],
[
  7100,
  50,
  1038,
  1
],
[
  7987,
  213,
  1040,
  4
],
[
  8225,
  163,
  1045,
  2
],
[
  8412,
  325,
  1048,
  3
],
[
  8800,
  188,
  1051,
  1
],
[
  9000,
  238,
  1053,
  3
],
[
  9287,
  138,
  1057,
  2
],
[
  9450,
  200,
  1060,
  4
],
[
  9687,
  250,
  1065,
  3
],
[
  9962,
  50,
  1068,
  1
],
[
  10837,
  175,
  1070,
  3
],
[
  11062,
  225,
  1074,
  3
],
[
  11325,
  163,
  1078,
  4
],
[
  11512,
  225,
  1083,
  3
],
[
  11775,
  213,
  1087,
  4
],
[
  12025,
  188,
  1092,
  3
],
[
  12250,
  288,
  1096,
  3
],
[
  12562,
  25,
  1099,
  1
],
[
  13425,
  213,
  1143,
  3
],
[
  13712,
  150,
  1147,
  3
],
[
  13950,
  125,
  1151,
  4
],
[
  14150,
  125,
  1156,
  2
],
[
  14312,
  225,
  1159,
  3
],
[
  14612,
  213,
  1162,
  1
],
[
  14837,
  275,
  1164,
  3
],
[
  15150,
  25,
  1167,
  1
],
[
  16012,
  225,
  1210,
  4
],
[
  16262,
  150,
  1215,
  2
],
[
  16500,
  113,
  1218,
  2
],
[
  16675,
  175,
  1221,
  4
],
[
  16900,
  200,
  1226,
  3
],
[
  17150,
  213,
  1230,
  5
],
[
  17412,
  288,
  1236,
  3
],
[
  17762,
  13,
  1239,
  1
],
[
  18612,
  188,
  1241,
  3
],
[
  18875,
  325,
  1245,
  3
],
[
  19212,
  25,
  1248,
  1
],
[
  20062,
  363,
  1292,
  4
],
[
  20500,
  125,
  1297,
  2
],
[
  20725,
  125,
  1300,
  2
],
[
  20887,
  188,
  1303,
  2
],
[
  21100,
  213,
  1306,
  4
],
[
  21325,
  238,
  1311,
  5
],
[
  21587,
  63,
  1316,
  1
],
[
  22500,
  200,
  1359,
  4
],
[
  22775,
  138,
  1364,
  3
],
[
  22925,
  188,
  1368,
  2
],
[
  23200,
  300,
  1371,
  3
],
[
  23537,
  13,
  1374,
  1
],
[
  24387,
  213,
  1376,
  3
],
[
  24662,
  213,
  1380,
  3
],
[
  24887,
  175,
  1384,
  4
],
[
  25100,
  225,
  1389,
  3
],
[
  25337,
  163,
  1393,
  3
],
[
  25562,
  225,
  1397,
  4
],
[
  25825,
  13,
  1401,
  1
],
[
  26675,
  300,
  1445,
  4
],
[
  27050,
  175,
  1450,
  3
],
[
  27275,
  138,
  1454,
  3
],
[
  27475,
  138,
  1458,
  3
],
[
  27650,
  150,
  1462,
  4
],
[
  27812,
  163,
  1467,
  3
],
[
  28037,
  163,
  1471,
  4
],
[
  28237,
  50,
  1475,
  1
],
[
  29125,
  163,
  1518,
  2
],
[
  29325,
  213,
  1521,
  4
],
[
  29600,
  188,
  1526,
  3
],
[
  29812,
  163,
  1530,
  2
],
[
  30037,
  113,
  1533,
  5
],
[
  30212,
  175,
  1539,
  4
],
[
  30412,
  288,
  1544,
  3
],
[
  30725,
  25,
  1547,
  1
],
[
  31587,
  238,
  1591,
  3
],
[
  31837,
  150,
  1595,
  2
],
[
  32050,
  225,
  1598,
  3
],
[
  32312,
  25,
  1601,
  1
]